image: nav_2d.pgm
resolution: 0.050000
origin: [-2.223187, -25.605865, 0.000000]
negate: 0
occupied_thresh: 0.65
free_thresh: 0.196

