cam_model: Pinhole
cam_width: 640
cam_height: 512
scale: 1.0

cam_fx: 554.254691191187
cam_fy: 554.254691191187
cam_cx: 320.5
cam_cy: 256.5

cam_d0: 0.0
cam_d1: 0.0
cam_d2: 0.0
cam_d3: 0.0
